#BID	CID	GID	Eff%	Sta	UCL%	UCH%
3	0	32	0.938053	226	0.066519	0.0619469
3	1	33	0.972222	288	0.0589256	0.0277778
3	2	34	0.965517	261	0.0618984	0.0344828
3	3	35	0.946996	283	0.0594438	0.0530035
3	4	36	0.953947	304	0.0573539	0.0460526
3	5	37	0.996047	253	0.0628695	0.00395256
3	6	38	0.922078	308	0.0569803	0.0569803
3	7	39	1	252	0.0629941	0
3	8	40	0.986254	291	0.058621	0.0137457
3	9	41	0.985294	272	0.0606339	0.0147059
3	10	42	0.963211	299	0.0578315	0.0367893
3	11	43	0.967742	248	0.0635001	0.0322581
3	12	44	0.974359	234	0.065372	0.025641
3	13	45	0.971429	280	0.0597614	0.0285714
3	14	46	0.957143	210	0.0690066	0.0428572
3	15	47	0.959276	221	0.0672673	0.040724
7	0	96	0.956302521	595	0.040996003	0.040996003
7	1	97	0.959435205	567	0.041996053	0.040564795
7	2	98	0.979032085	620	0.040160966	0.020967915
7	3	99	0.974074215	540	0.043033148	0.025925785
7	4	100	0.961367238	673	0.038547167	0.038547167
7	5	101	0.981605421	598	0.040893041	0.018394579
7	6	102	0.979687519	640	0.039528471	0.020312481
7	7	103	0.947454814	609	0.040522045	0.040522045
7	8	104	0.946523868	561	0.042220033	0.042220033
7	9	105	0.965403405	607	0.040588748	0.034596595
7	10	106	0.977309616	617	0.040258484	0.022690384
7	11	107	0.975369282	609	0.040522045	0.024630718
7	12	108	0.973553618	605	0.040655781	0.026446382
7	13	109	0.960486377	658	0.038984059	0.038984059
7	14	110	0.93310429	583	0.041415768	0.041415768
7	15	111	0.96044344	632	0.039777864	0.03955656
11	0	160	0.962775093	591	0.041134503	0.037224907
11	1	161	0.980180182	555	0.042447636	0.019819818
11	2	162	0.97275616	624	0.040032038	0.02724384
11	3	163	0.947748207	555	0.042447636	0.042447636
11	4	164	0.952871758	679	0.038376478	0.038376478
11	5	165	0.963875187	609	0.040522045	0.036124813
11	6	166	0.96018372	653	0.039133024	0.039133024
11	7	167	0.974661861	592	0.041099747	0.025338139
11	8	168	0.979705009	542	0.042953678	0.020294991
11	9	169	0.971807468	603	0.040723148	0.028192532
11	10	170	0.964799781	625	0.04	0.035200219
11	11	171	0.954984042	622	0.040096347	0.040096347
11	12	172	0.957723538	615	0.040323892	0.040323892
11	13	173	0.967840839	653	0.039133024	0.032159161
11	14	174	0.97491069	558	0.042333376	0.02508931
11	15	175	0.972756303	624	0.040032038	0.027243697
15	0	224	0.942222	225	0.0666667	0.0577778
15	1	225	0.979021	286	0.0591312	0.020979
15	2	226	0.926471	272	0.0606339	0.0606339
15	3	227	0.940351	285	0.0592349	0.0592349
15	4	228	0.963455	301	0.057639	0.0365449
15	5	229	0.976744	258	0.0622573	0.0232558
15	6	230	0.97931	290	0.058722	0.0206897
15	7	231	0.961832	262	0.0617802	0.038168
15	8	232	0.963087	298	0.0579284	0.0369127
15	9	233	0.978102	274	0.0604122	0.0218978
15	10	234	0.99654	289	0.0588235	0.00346023
15	11	235	0.956175	251	0.0631194	0.0438247
15	12	236	0.946058	241	0.0644157	0.0539419
15	13	237	0.951049	286	0.0591312	0.048951
15	14	238	0.961722	209	0.0691714	0.0382775
15	15	239	0.990654	214	0.0683586	0.00934577
1	0	0	0.92827	237	0.064957	0.064957
1	1	1	0.943662	284	0.0593391	0.056338
1	2	2	0.980132	302	0.0575435	0.0198675
1	3	3	0.959276	221	0.0672673	0.040724
1	4	4	0.978339	277	0.0600842	0.0216606
1	5	5	0.96063	254	0.0627456	0.0393701
1	6	6	0.977444	266	0.0613139	0.0225564
1	7	7	0.986301	219	0.0675737	0.0136986
1	8	8	0.965686	204	0.070014	0.0343137
1	9	9	0.955017	289	0.0588235	0.0449827
1	10	10	0.96063	254	0.0627456	0.0393701
1	11	11	0.989547	287	0.0590281	0.010453
1	12	12	0.977778	270	0.0608581	0.0222222
1	13	13	0.979592	245	0.0638877	0.0204082
1	14	14	1	196	0.0714286	0
1	15	15	0.960265	302	0.0575435	0.0397351
5	0	64	0.972826109	736	0.036860489	0.027173891
5	1	65	0.951379767	761	0.036249972	0.036249972
5	2	66	0.970814226	651	0.03919309	0.029185774
5	3	67	0.970663143	784	0.035714286	0.029336857
5	4	68	0.971910228	712	0.037476584	0.028089772
5	5	69	0.968253576	693	0.037986859	0.031746424
5	6	70	0.953301048	621	0.040128618	0.040128618
5	7	71	0.941915648	637	0.039621443	0.039621443
5	8	72	0.975342548	730	0.037011661	0.024657452
5	9	73	0.958778631	655	0.039073233	0.039073233
5	10	74	0.974504559	706	0.037635496	0.025495441
5	11	75	0.984894118	662	0.038866104	0.015105882
5	12	76	0.967441919	645	0.039374962	0.032558081
5	13	77	0.979057974	764	0.03617873	0.020942026
5	14	78	0.953424322	730	0.037011661	0.037011661
5	15	79	0.966417923	804	0.035267281	0.033582077
9	0	128	0.968876589	739	0.036785595	0.031123411
9	1	129	0.95894057	755	0.036393726	0.036393726
9	2	130	0.957575764	660	0.038924947	0.038924947
9	3	131	0.971902704	783	0.035737084	0.028097296
9	4	132	0.963788372	718	0.037319669	0.036211628
9	5	133	0.978134001	686	0.038180177	0.021865999
9	6	134	0.947200253	625	0.04	0.04
9	7	135	0.952380917	630	0.039840954	0.039840954
9	8	136	0.970027413	734	0.036910674	0.029972587
9	9	137	0.97667214	643	0.03943615	0.02332786
9	10	138	0.98285702	700	0.037796447	0.01714298
9	11	139	0.960235763	679	0.038376478	0.038376478
9	12	140	0.961479602	649	0.039253434	0.038520398
9	13	141	0.975227825	767	0.036107907	0.024772175
9	14	142	0.974789852	714	0.037424059	0.025210148
9	15	143	0.960444841	809	0.035158128	0.035158128
13	0	192	0.932203	236	0.0650945	0.0650945
13	1	193	0.974545	275	0.0603023	0.0254545
13	2	194	0.986667	300	0.057735	0.0133333
13	3	195	0.929825	228	0.0662266	0.0662266
13	4	196	1	271	0.0607457	0
13	5	197	0.945736	258	0.0622573	0.0542636
13	6	198	0.955882	272	0.0606339	0.0441176
13	7	199	0.903766	239	0.0646846	0.0646846
13	8	200	1	197	0.071247	0
13	9	201	0.975265	283	0.0594438	0.024735
13	10	202	0.987854	247	0.0636285	0.0121458
13	11	203	0.982699	289	0.0588235	0.017301
13	12	204	0.981413	269	0.0609711	0.0185874
13	13	205	0.963855	249	0.0633724	0.0361446
13	14	206	0.942308	208	0.0693375	0.0576923
13	15	207	0.97973	296	0.0581238	0.0202703
4	0	48	0.954839	310	0.0567962	0.0451613
4	1	49	0.951613	248	0.0635001	0.0483871
4	2	50	0.980769	208	0.0693375	0.0192308
4	3	51	0.989247	279	0.0598684	0.0107527
4	4	52	0.980519	308	0.0569803	0.0194805
4	5	53	0.988235	255	0.0626224	0.0117647
4	6	54	0.927757	263	0.0616626	0.0616626
4	7	55	0.986046	215	0.0681994	0.0139535
4	8	56	0.958802	267	0.061199	0.0411985
4	9	57	0.989091	275	0.0603023	0.0109091
4	10	58	0.96	225	0.0666667	0.04
4	11	59	0.995556	225	0.0666667	0.00444442
4	12	60	0.971609	317	0.0561656	0.0283912
4	13	61	0.954545	264	0.0615457	0.0454546
4	14	62	0.978417	278	0.059976	0.0215827
4	15	63	0.945148	237	0.064957	0.0548523
8	0	112	0.938596805	570	0.041885391	0.041885391
8	1	113	0.944881772	508	0.044367825	0.044367825
8	2	114	0.970238125	504	0.04454354	0.029761875
8	3	115	0.960072481	551	0.042601432	0.039927519
8	4	116	0.958498166	506	0.044455422	0.041501834
8	5	117	0.964210585	475	0.045883147	0.035789415
8	6	118	0.980246585	405	0.049690399	0.019753415
8	7	119	0.977178307	482	0.045548752	0.022821693
8	8	120	0.955188684	424	0.048564293	0.044811316
8	9	121	0.961770543	497	0.04485613	0.038229457
8	10	122	0.965936669	411	0.049326362	0.034063331
8	11	123	0.976833986	518	0.043937478	0.023166014
8	12	124	0.962876856	431	0.048168305	0.037123144
8	13	125	0.966942223	484	0.045454545	0.033057777
8	14	126	0.954274583	503	0.044587796	0.044587796
8	15	127	0.946564727	524	0.043685203	0.043685203
12	0	176	0.948581511	564	0.042107596	0.042107596
12	1	177	0.977596633	491	0.045129368	0.022403367
12	2	178	0.949514573	515	0.044065265	0.044065265
12	3	179	0.965328367	548	0.042717883	0.034671633
12	4	180	0.939922717	516	0.044022545	0.044022545
12	5	181	0.952183148	481	0.045596075	0.045596075
12	6	182	0.940758339	422	0.048679238	0.048679238
12	7	183	0.971133773	485	0.045407661	0.028866227
12	8	184	0.955188736	424	0.048564293	0.044811264
12	9	185	0.961770602	497	0.04485613	0.038229398
12	10	186	0.949760488	418	0.048911599	0.048911599
12	11	187	0.967495382	523	0.043726947	0.032504618
12	12	188	0.926339395	448	0.047245559	0.047245559
12	13	189	0.93041735	503	0.044587796	0.044587796
12	14	190	0.96000012	500	0.04472136	0.03999988
12	15	191	0.9556838	519	0.043895128	0.043895128
16	0	240	0.970492	305	0.0572598	0.0295082
16	1	241	0.995781	237	0.064957	0.00421941
16	2	242	0.966825	211	0.0688428	0.0331753
16	3	243	0.971831	284	0.0593391	0.028169
16	4	244	0.974194	310	0.0567962	0.0258064
16	5	245	0.988235	255	0.0626224	0.0117647
16	6	246	0.964427	253	0.0628695	0.0355731
16	7	247	0.950673	223	0.066965	0.0493274
16	8	248	0.962406	266	0.0613139	0.037594
16	9	249	0.971429	280	0.0597614	0.0285714
16	10	250	0.972973	222	0.0671156	0.027027
16	11	251	0.953192	235	0.0652328	0.0468085
16	12	252	0.993548	310	0.0567962	0.00645161
16	13	253	0.976744	258	0.0622573	0.0232558
16	14	254	0.947735	287	0.0590281	0.0522648
16	15	255	0.973913	230	0.065938	0.026087
2	0	16	0.952381	315	0.0563436	0.047619
2	1	17	0.960526	304	0.0573539	0.0394737
2	2	18	0.939024	328	0.0552158	0.0552158
2	3	19	0.957747	284	0.0593391	0.0422535
2	4	20	0.987692	325	0.05547	0.0123077
2	5	21	0.972549	255	0.0626224	0.027451
2	6	22	0.973684	304	0.0573539	0.0263158
2	7	23	0.973913	230	0.065938	0.026087
2	8	24	0.943089	246	0.0637577	0.0569106
2	9	25	0.964539	282	0.0595491	0.035461
2	10	26	0.968421	285	0.0592349	0.031579
2	11	27	0.962656	241	0.0644157	0.0373444
2	12	28	0.957143	280	0.0597614	0.0428572
2	13	29	0.992806	278	0.059976	0.00719422
2	14	30	0.980066	301	0.057639	0.0199336
2	15	31	0.960289	277	0.0600842	0.0397112
6	0	80	0.967033146	728	0.037062466	0.032966854
6	1	81	0.966443007	596	0.040961596	0.033556993
6	2	82	0.958823553	680	0.038348249	0.038348249
6	3	83	0.963157724	760	0.036273813	0.036273813
6	4	84	0.973545003	756	0.036369648	0.026454997
6	5	85	0.964102929	780	0.035805744	0.035805744
6	6	86	0.978260868	736	0.036860489	0.021739132
6	7	87	0.973684109	608	0.040555355	0.026315891
6	8	88	0.953757527	692	0.038014296	0.038014296
6	9	89	0.96985608	763	0.036202431	0.03014392
6	10	90	0.971428543	700	0.037796447	0.028571457
6	11	91	0.974281498	661	0.038895492	0.025718502
6	12	92	0.956152537	707	0.037608871	0.037608871
6	13	93	0.973821804	764	0.03617873	0.026178196
6	14	94	0.947674494	688	0.038124643	0.038124643
6	15	95	0.967930035	686	0.038180177	0.032069965
10	0	144	0.969696828	726	0.037113481	0.030303172
10	1	145	0.935064925	616	0.040291148	0.040291148
10	2	146	0.971683666	671	0.038604572	0.028316334
10	3	147	0.965699116	758	0.036321636	0.034300884
10	4	148	0.974834166	755	0.036393726	0.025165834
10	5	149	0.976623377	770	0.036037499	0.023376623
10	6	150	0.975609772	738	0.036810509	0.024390228
10	7	151	0.964169319	614	0.040356716	0.035830681
10	8	152	0.962099242	686	0.038180177	0.037900758
10	9	153	0.953608402	776	0.035897908	0.035897908
10	10	154	0.959097536	709	0.037555788	0.037555788
10	11	155	0.947058676	680	0.038348249	0.038348249
10	12	156	0.96159275	703	0.037715714	0.037715714
10	13	157	0.961240075	774	0.035944258	0.035944258
10	14	158	0.974588692	669	0.038662234	0.025411308
10	15	159	0.960925967	691	0.038041793	0.038041793
14	0	208	0.967742	310	0.0567962	0.0322581
14	1	209	0.986486	296	0.0581238	0.0135135
14	2	210	0.993548	310	0.0567962	0.00645161
14	3	211	0.985507	276	0.0601929	0.0144928
14	4	212	0.993808	323	0.0556415	0.00619197
14	5	213	0.950192	261	0.0618984	0.0498084
14	6	214	0.970492	305	0.0572598	0.0295082
14	7	215	0.933333	240	0.0645497	0.0645497
14	8	216	0.962656	241	0.0644157	0.0373444
14	9	217	0.947735	287	0.0590281	0.0522648
14	10	218	0.951724	290	0.058722	0.0482759
14	11	219	0.987234	235	0.0652328	0.0127659
14	12	220	0.964029	278	0.059976	0.0359712
14	13	221	0.955017	289	0.0588235	0.0449827
14	14	222	0.957792	308	0.0569803	0.0422078
14	15	223	0.953405	279	0.0598684	0.046595
